22	10848028	10870192	1	1	0	0	1	30
22	10941781	10944966	2	2	1	3	1	38
22	10947419	10949211	2	2	1	4	0	33
22	10949270	10950048	2	2	1	1	0	34
22	10950136	10959066	2	2	0	3	0	54
22	10950175	10959066	2	2	1	2	11	54
22	11828843	11830200	2	2	0	0	1	51
22	11845219	11846226	2	2	0	0	1	53
22	11846350	11971939	2	2	0	1	4	52
22	11849411	11868678	2	2	0	2	0	55
22	11849411	11971939	2	2	0	2	3	58
22	11971999	11974014	2	2	0	2	0	17
22	11971999	11974137	2	2	0	1	0	23
22	12602817	12604669	1	1	0	0	1	44
22	12604740	12615408	1	1	1	3	1	41
22	12604740	12615447	1	1	0	1	0	46
22	12813585	12814994	2	2	0	0	1	38
22	15785058	15787171	1	1	1	8	0	62
22	15785058	15788551	1	1	0	0	6	50
22	15785058	15788584	1	1	0	0	2	22
22	15785058	15788819	1	1	0	0	2	62
22	15787283	15788551	1	1	1	2	4	59
22	15787283	15788584	1	1	1	1	1	60
22	15788700	15788819	1	1	1	3	18	63
22	15788932	15790413	1	1	0	0	1	38
22	15788932	15790660	1	1	1	7	7	59
22	15790799	15791016	1	1	1	3	2	42
22	15791153	15815475	1	1	1	0	12	45
22	15815567	15817907	1	1	0	0	1	16
22	15815567	15818573	1	1	1	0	3	29
22	15815567	15826141	1	1	1	0	3	46
22	15815567	15852989	1	1	0	0	3	27
22	15877449	15899606	1	1	0	0	1	30
22	16075918	16076769	1	1	0	0	1	27
22	16166977	16187554	1	1	0	0	1	44
22	16480749	16481148	1	1	0	0	1	38
22	16547178	16547217	2	2	0	0	6	43
22	16581288	16582506	2	2	1	0	6	52
22	16602216	16611657	1	1	1	10	0	56
22	16602216	16637039	1	1	0	1	0	39
22	16602216	16638578	1	1	1	3	0	48
22	16611894	16613984	1	1	1	6	0	33
22	16611894	16614076	1	1	1	15	0	59
22	16613427	16614076	1	1	0	1	0	50
22	16614179	16614561	1	1	0	2	0	62
22	16614179	16614698	1	1	1	9	0	36
22	16614179	16637039	1	1	0	2	0	47
22	16614179	16637042	1	1	0	1	0	48
22	16622898	16637039	1	1	1	1	0	49
22	16637091	16638578	1	1	1	12	0	62
22	16638741	16647167	1	1	1	1	0	59
22	16638741	16647662	1	1	0	5	0	53
22	16638741	16648526	1	1	1	13	0	61
22	16647258	16647662	1	1	1	1	0	45
22	16647786	16648526	1	1	1	9	0	45
22	16648880	16649844	1	1	0	1	0	40
22	16650127	16652321	1	1	0	8	0	55
22	16650157	16652321	1	1	0	2	0	30
22	16652484	16652932	1	1	1	20	0	48
22	16690281	16690572	2	2	1	0	5	26
22	16694722	16695003	2	2	1	1	0	49
22	16695359	16696777	2	2	1	1	0	4
22	16700450	16701153	2	2	1	1	1	52
22	16702204	16703992	2	2	1	0	1	14
22	16964863	16965177	2	2	1	1	0	7
22	17037345	17044872	1	1	1	41	0	62
22	17037345	17047323	1	1	0	1	0	53
22	17045001	17047323	1	1	1	74	0	62
22	17047427	17051574	1	1	0	4	0	54
22	17047427	17055564	1	1	0	1	0	43
22	17047427	17057072	1	1	1	20	0	53
22	17047427	17057134	1	1	0	2	0	32
22	17047427	17057516	1	1	0	5	0	58
22	17047427	17060594	1	1	1	25	0	59
22	17047427	17069997	1	1	0	14	0	42
22	17047427	17097061	1	1	0	10	0	31
22	17056650	17057072	1	1	0	1	0	62
22	17062319	17069997	1	1	0	8	0	53
22	17071664	17082039	1	1	0	1	0	59
22	17085230	17097061	1	1	1	2	0	15
22	17097087	17097796	1	1	1	20	0	31
22	17097321	17097796	1	1	0	2	0	30
22	17097944	17098774	1	1	1	11	0	60
22	17097944	17098778	1	1	0	1	0	48
22	17098888	17100354	1	1	1	20	0	62
22	17100482	17101995	1	1	1	12	0	49
22	17101846	17101995	1	1	0	1	0	32
22	17102044	17102138	1	1	1	11	0	48
22	17102303	17103493	1	1	1	24	0	56
22	17103578	17104725	1	1	1	26	0	62
22	17104811	17105590	1	1	1	31	0	26
22	17105603	17105852	1	1	1	28	0	15
22	17105603	17107726	1	1	1	2	0	12
22	17105955	17107726	1	1	1	15	0	42
22	17107769	17108306	1	1	1	17	0	42
22	17111555	17111589	1	1	0	1	0	35
22	17120183	17124654	1	1	0	8	0	61
22	17120426	17124654	1	1	0	2	0	39
22	17120426	17124658	1	1	0	2	0	45
22	17122040	17124654	1	3	1	1	0	11
22	17122345	17124654	1	1	0	3	0	35
22	17122345	17124658	1	1	0	1	0	49
22	17122739	17124654	1	1	1	1	0	25
22	17124772	17129218	1	1	0	1	0	50
22	17124772	17130361	1	1	1	56	0	63
22	17124772	17131614	1	1	0	1	0	31
22	17130485	17131614	1	1	1	32	0	55
22	17130485	17131862	1	1	0	3	0	50
22	17138358	17138549	2	2	1	88	1	63
22	17138739	17140363	2	2	0	9	0	62
22	17138739	17141058	2	2	1	85	1	63
22	17138739	17143097	2	2	0	3	0	34
22	17140578	17141058	2	2	0	1	0	27
22	17141234	17143097	2	2	1	25	0	35
22	17142209	17143097	2	2	0	4	0	22
22	17143132	17145023	2	2	1	33	0	34
22	17145118	17148447	2	2	1	59	0	61
22	17145170	17148447	2	2	0	6	0	59
22	17147040	17147469	2	2	0	0	1	18
22	17147040	17147531	2	2	0	0	2	20
22	17147040	17147655	2	2	0	0	2	18
22	17148561	17149541	2	2	1	80	1	62
22	17148561	17158456	2	2	1	3	0	58
22	17148561	17159125	2	2	0	1	0	41
22	17148645	17149541	2	2	0	1	0	14
22	17149746	17158456	2	2	1	16	0	60
22	17149746	17159125	2	2	1	10	3	45
22	17149746	17165208	2	2	1	0	3	5
22	17159475	17165268	1	1	0	2	0	58
22	17174829	17175577	2	2	0	3	0	62
22	17174829	17181486	2	2	0	1	0	56
22	17175676	17181486	2	2	0	3	0	51
22	17181577	17181819	2	2	1	64	0	62
22	17182023	17182603	2	2	1	44	0	62
22	17182762	17188338	2	2	1	51	2	60
22	17188448	17189941	2	2	1	40	0	59
22	17190033	17191682	2	2	1	42	0	62
22	17191811	17199548	2	2	1	17	0	62
22	17191811	17203562	2	2	1	11	1	60
22	17203774	17203853	2	2	0	3	0	38
22	17203774	17207070	2	2	1	13	0	57
22	17203890	17207070	2	2	0	2	0	36
22	17207291	17209355	2	2	1	10	0	60
22	17209724	17219355	2	2	1	2	0	36
22	17369910	17477587	1	1	1	4	0	47
22	17477683	17497402	1	1	1	17	0	61
22	17497587	17499409	1	1	1	24	0	62
22	17499550	17500630	1	1	1	10	0	48
22	17500736	17503081	1	1	1	11	0	51
22	17503132	17504846	1	1	1	11	0	51
22	17505017	17511812	1	1	1	2	0	8
22	17505017	17524117	1	1	0	6	0	44
22	17511897	17524117	1	1	1	10	0	50
22	17524272	17537102	1	1	1	26	0	62
22	17537233	17538519	1	1	1	26	0	38
22	17538558	17538639	1	1	1	24	0	38
22	17538732	17538992	1	1	1	8	0	63
22	17539120	17540411	1	1	1	7	0	56
22	17540717	17541838	1	1	0	1	0	20
22	17540801	17541838	1	1	1	1	0	38
22	17541968	17542156	1	1	1	6	0	62
22	17543004	17548147	1	1	1	11	0	53
22	17543004	17548150	1	1	1	1	0	19
22	17549565	17552030	1	1	1	19	0	61
22	17552143	17552834	1	1	1	22	0	60
22	17563696	17579737	2	2	0	2	0	29
22	17563714	17569923	1	1	1	223	0	63
22	17563714	17569928	1	1	0	2	0	47
22	17563714	17579744	1	1	1	10	0	62
22	17564114	17564432	2	2	0	2	0	35
22	17564504	17569977	2	2	0	2	0	20
22	17568841	17569923	1	1	0	1	0	24
22	17569987	17579111	1	1	0	1	0	45
22	17569987	17579115	1	1	0	1	0	50
22	17569987	17579744	1	1	1	151	0	62
22	17569987	17579876	1	1	0	15	0	51
22	17579216	17579744	1	1	0	1	0	54
22	17579965	17580473	1	1	0	2	0	29
22	17579965	17580561	1	1	0	1	0	57
22	17579965	17581036	1	1	1	272	0	63
22	17580332	17581333	2	2	1	1	0	6
22	17580858	17581036	1	1	0	8	0	55
22	17581160	17581357	1	1	1	250	0	57
22	17581414	17582562	1	1	1	167	0	56
22	17582056	17582562	1	1	0	1	0	57
22	17582654	17583261	1	1	0	1	0	57
22	17582654	17583415	1	1	1	147	0	62
22	17582654	17587135	1	1	0	5	0	50
22	17583535	17587135	1	1	1	70	0	62
22	17583535	17589589	1	1	0	1	0	27
22	17587302	17587924	1	1	1	191	0	63
22	17587829	17587924	1	1	0	2	0	43
22	17588080	17589589	1	1	1	329	0	63
22	17589666	17590094	1	1	1	381	2	63
22	17592322	17592484	2	6	0	1	0	60
22	17592737	17594528	2	2	1	3594	2	63
22	17594617	17598193	2	2	1	4136	0	63
22	17594617	17600026	2	2	0	2	0	59
22	17598289	17600026	2	2	1	4220	0	63
22	17600096	17601091	2	2	1	3992	2	63
22	17600096	17612811	2	2	1	39	0	60
22	17601182	17607555	2	2	0	1	0	36
22	17601182	17612811	2	2	1	5177	5	62
22	17607619	17611525	2	2	0	1	0	57
22	17612875	17619460	2	2	0	1	0	49
22	17612879	17613210	2	2	1	4941	7	63
22	17613321	17619033	2	2	1	2	5	48
22	17613321	17619460	2	2	1	3183	5	63
22	17613321	17628602	2	2	1	51	5	62
22	17619128	17619460	2	2	1	2	0	33
22	17619527	17628602	2	2	1	2597	4	63
22	17628907	17638101	1	1	1	3	0	33
22	17638701	17655661	1	1	1	3	0	44
22	17638887	17655661	1	1	1	78	0	63
22	17638887	17683213	1	1	1	8	1	42
22	17655833	17662898	1	1	0	13	0	62
22	17655833	17683213	1	1	1	153	0	62
22	17663014	17683213	1	1	0	14	0	62
22	17663156	17683213	1	1	0	1	0	32
22	17683322	17688985	1	1	1	166	1	61
22	17683322	17696140	1	1	1	7	0	50
22	17683322	17702242	1	1	1	9	0	57
22	17683322	17726676	1	1	1	3	0	57
22	17689143	17696140	1	1	1	126	0	63
22	17689143	17702242	1	1	1	28	0	61
22	17689143	17726676	1	1	1	2	0	33
22	17689231	17696140	1	1	0	2	0	29
22	17696211	17702242	1	1	1	95	0	59
22	17696211	17726676	1	1	1	4	0	48
22	17702379	17726676	1	1	0	2	0	63
22	17702387	17726676	1	1	1	135	0	62
22	17704229	17726676	1	1	0	1	0	53
22	17706826	17726676	1	1	1	52	0	63
22	17722391	17726690	1	1	0	1	0	55
22	17727446	17729462	1	3	0	1	0	18
22	17735592	17738016	2	2	1	280	0	63
22	17738230	17739348	2	2	1	28	0	63
22	17739489	17740081	2	2	1	1	0	48
22	17739489	17743802	2	2	1	60	0	62
22	17739489	17750104	2	2	1	2	0	62
22	17739489	17774380	2	2	1	11	0	45
22	17740177	17743802	2	2	1	1	0	55
22	17744014	17749374	2	2	0	1	0	24
22	17744014	17750104	2	2	1	33	0	61
22	17744014	17774380	2	2	1	1	0	11
22	17749478	17750104	2	2	0	1	0	15
22	17750175	17773609	2	2	1	5	0	55
22	17750175	17774380	2	2	1	3	0	12
22	17750175	17774639	2	2	1	1	0	4
22	17787859	17787926	1	3	0	1	0	46
22	17790917	17790997	2	2	1	150	1	62
22	17791072	17791201	2	2	1	101	2	63
22	17791302	17793728	2	2	1	3	0	6
22	17791302	17803810	2	2	1	36	0	51
22	17791302	17806238	2	2	0	1	0	20
22	17791302	17808843	2	2	1	12	2	61
22	17803211	17803810	2	2	0	1	0	38
22	17803862	17805002	2	2	0	1	0	51
22	17803862	17808843	2	2	1	21	0	56
22	17808938	17810702	2	2	1	15	0	59
22	17810814	17812506	2	2	1	5	0	23
22	17810814	17816689	2	2	1	62	0	63
22	17812558	17816689	2	2	1	5	0	51
22	17816785	17817310	2	2	1	34	0	61
22	17816785	17821426	2	2	0	1	0	27
22	17819130	17821426	2	2	1	93	0	62
22	17819774	17821426	2	2	0	1	0	15
22	17821510	17821908	2	2	0	1	0	52
22	17821510	17822029	2	2	1	70	0	63
22	17822171	17822946	2	2	1	56	0	59
22	17822171	17827643	2	2	0	1	0	45
22	17823061	17823452	2	2	0	2	0	44
22	17823061	17826453	2	2	1	2	0	56
22	17823061	17827643	2	2	1	95	0	62
22	17823061	17831853	2	2	1	5	0	53
22	17823061	17841821	2	2	0	1	0	22
22	17826517	17827643	2	2	0	2	0	29
22	17827782	17831853	2	2	1	57	0	62
22	17832108	17841821	2	2	1	6	0	62
22	17838856	17841821	2	2	0	1	0	18
22	17842018	17864898	2	2	1	9	0	48
22	17864987	17865923	2	2	1	46	0	60
22	17866013	17871836	2	2	1	57	0	63
22	17872024	17885877	2	2	1	56	0	60
22	17872855	17875446	2	2	1	1	0	7
22	17876717	17876950	1	1	0	0	1	18
22	17876771	17876950	1	1	0	0	1	23
22	17876780	17876815	1	1	0	0	1	13
22	17876780	17876851	1	1	0	0	1	15
22	17876789	17876860	1	1	0	0	4	22
22	17876789	17876950	1	1	0	0	1	18
22	17876798	17876824	1	1	0	0	1	31
22	17876798	17876950	1	1	0	0	1	22
22	17876807	17876851	1	1	0	0	1	15
22	17876816	17876860	1	1	0	0	4	22
22	17876816	17876950	1	1	0	0	1	18
22	17876816	17877535	1	1	0	0	1	32
22	17876834	17876869	1	1	0	0	2	23
22	17876843	17876896	1	1	0	0	1	50
22	17876843	17876950	1	1	0	0	2	23
22	17876843	17876959	1	1	0	0	1	23
22	17876843	17876977	1	1	0	0	1	26
22	17876843	17877031	1	1	0	0	1	44
22	17876870	17876950	1	1	0	3	2	49
22	17876870	17876959	1	1	0	0	1	27
22	17876870	17876977	1	1	0	0	1	26
22	17876870	17877031	1	1	0	0	1	44
22	17876870	17877310	1	1	0	1	0	49
22	17876879	17876959	1	1	0	0	1	22
22	17876879	17877166	1	1	0	0	2	14
22	17876888	17877238	1	1	0	0	1	35
22	17876897	17877436	1	1	0	0	1	47
22	17876906	17876950	1	1	0	0	2	23
22	17876906	17876959	1	1	0	0	1	23
22	17876906	17876977	1	1	0	0	1	26
22	17876906	17877022	1	1	0	0	1	56
22	17876906	17877310	1	1	0	0	3	45
22	17876924	17877193	1	1	0	0	1	50
22	17876933	17876959	1	1	0	0	1	27
22	17876933	17876977	1	1	0	0	1	26
22	17876933	17877031	1	1	0	0	1	44
22	17876933	17877049	1	1	0	0	1	33
22	17876933	17877148	1	1	0	0	1	23
22	17876951	17877175	1	1	0	0	1	15
22	17876951	17877247	1	1	0	0	1	18
22	17876951	17877301	1	1	0	0	1	42
22	17876951	17877328	1	1	0	0	1	42
22	17876960	17877058	1	1	0	0	1	34
22	17876987	17877049	1	1	0	0	1	27
22	17876987	17877310	1	1	0	0	1	33
22	17876987	17877337	1	1	0	0	1	33
22	17877005	17877040	1	1	0	3	1	60
22	17877005	17877202	1	1	0	0	1	31
22	17877005	17877238	1	1	0	1	1	45
22	17877014	17877058	1	1	0	0	2	54
22	17877014	17877535	1	1	0	0	1	36
22	17877077	17877499	1	1	0	0	1	37
22	17877095	17877274	1	1	0	0	1	56
22	17877095	17877373	1	1	0	3	1	27
22	17877095	17877436	1	1	0	0	2	45
22	17877095	17877499	1	1	0	1	0	36
22	17877095	17877526	1	1	0	0	1	34
22	17877104	17877211	1	1	0	0	1	38
22	17877113	17877319	1	1	0	0	1	42
22	17877113	17877436	1	1	0	0	1	63
22	17877113	17877472	1	1	0	0	1	63
22	17877140	17877166	1	1	0	0	1	27
22	17877140	17877391	1	1	0	0	1	27
22	17877140	17877562	1	1	0	0	1	54
22	17877149	17877346	1	1	0	0	1	52
22	17877158	17877211	1	1	0	0	1	18
22	17877158	17877562	1	1	0	0	1	54
22	17877176	17877436	1	1	0	0	1	25
22	17877176	17877544	1	1	0	0	1	25
22	17877176	17877562	1	1	0	0	1	54
22	17877185	17877301	1	1	0	0	1	36
22	17877185	17877328	1	1	0	0	1	36
22	17877194	17877247	1	1	0	1	0	40
22	17877194	17877256	1	1	0	0	3	36
22	17877194	17877400	1	1	0	0	1	25
22	17877194	17877571	1	1	0	0	1	25
22	17877203	17877535	1	1	0	0	1	32
22	17877212	17877283	1	1	0	0	1	18
22	17877212	17877373	1	1	0	0	2	46
22	17877221	17877319	1	1	0	0	1	27
22	17877248	17877562	1	1	0	0	1	36
22	17877266	17877301	1	1	0	0	1	18
22	17877266	17877328	1	1	0	0	1	18
22	17877275	17877355	1	1	0	1	0	18
22	17877275	17877400	1	1	0	0	2	36
22	17877275	17877571	1	1	0	0	1	25
22	17877284	17877535	1	1	0	0	5	45
22	17877293	17877373	1	1	0	0	5	46
22	17877320	17877562	1	1	0	0	1	54
22	17877338	17877400	1	1	0	0	1	15
22	17877356	17877490	1	1	0	0	1	51
22	17877365	17877400	1	1	0	0	1	15
22	17877374	17877436	1	1	0	1	0	18
22	17877374	17877535	1	1	0	0	1	55
22	17877392	17877418	1	1	0	0	1	18
22	17877401	17877535	1	1	0	3	1	27
22	17877419	17877571	1	1	0	0	1	25
22	17877437	17877571	1	1	0	0	1	18
22	17877455	17877526	1	1	0	0	1	16
22	17877536	17877562	1	1	0	0	1	54
22	17879403	17885877	2	2	0	1	0	19
22	17886052	17887169	2	2	1	128	0	63
22	17887233	17887322	2	2	1	137	0	63
22	17887436	17889033	2	2	1	115	0	63
22	17889133	17891484	2	2	0	4	0	61
22	17889231	17891484	2	2	1	105	0	63
22	17891633	17893807	2	2	1	105	0	63
22	17893905	17895283	2	2	1	107	1	62
22	17895411	17896245	2	2	1	111	0	63
22	17896362	17896723	2	2	1	57	0	61
22	17896982	17899447	2	2	1	102	1	62
22	17899549	17899841	2	2	0	1	0	58
22	17899549	17900841	2	2	1	142	1	63
22	17900998	17901877	2	2	1	108	0	63
22	17901980	17902630	2	2	1	72	0	63
22	17902748	17904631	2	2	1	85	0	62
22	17904840	17906548	2	2	1	93	0	63
22	17906887	17907509	2	2	0	4	0	39
22	17906887	17919993	2	2	0	2	0	32
22	17906887	17937185	2	2	0	3	0	35
22	17906887	18001392	2	2	1	6	0	58
22	17906887	18024280	2	2	1	7	0	43
22	18026248	18062225	2	2	0	1	0	25
22	18056118	18070157	1	1	0	1	0	57
22	18070823	18070906	1	1	0	2	0	57
22	18077063	18077528	2	2	1	1	0	56
22	18078048	18091572	1	1	0	0	1	12
22	18078607	18079873	1	1	1	48	0	60
22	18078843	18079873	1	1	0	2	0	62
22	18079257	18079873	1	1	0	1	0	26
22	18080015	18083436	1	1	1	118	0	62
22	18080015	18126353	1	1	0	1	0	30
22	18083733	18085111	1	1	1	222	0	63
22	18083733	18086957	1	1	0	1	0	17
22	18083733	18087971	1	1	1	8	0	46
22	18085259	18086957	1	1	0	1	0	12
22	18085259	18087971	1	1	1	169	0	63
22	18088412	18121478	1	1	0	1	0	45
22	18088548	18121478	1	1	0	2	0	22
22	18089718	18091580	1	1	0	2	0	50
22	18093283	18094480	0	0	0	3	0	62
22	18110577	18121478	1	1	1	3	0	59
22	18110869	18121478	1	1	1	47	0	62
22	18112617	18121478	1	1	0	1	0	28
22	18121702	18124155	1	1	1	226	0	62
22	18121702	18124160	1	1	0	1	0	50
22	18121702	18124197	1	1	0	4	0	52
22	18121702	18126353	1	1	0	2	0	20
22	18124305	18126353	1	1	1	230	0	62
22	18124305	18126357	1	1	0	22	0	61
22	18124305	18126377	1	1	0	3	0	34
22	18127035	18130842	1	1	1	116	0	63
22	18130980	18145655	1	1	0	2	0	53
22	18131007	18140027	1	1	0	1	0	63
22	18131007	18145212	1	1	0	1	0	32
22	18150223	18157557	1	3	1	7	0	62
22	18157821	18160171	1	1	1	26	0	62
22	18157821	18173149	1	1	0	1	0	53
22	18160269	18161789	1	1	1	17	0	52
22	18161936	18167254	1	1	1	7	0	57
22	18167335	18167889	1	1	1	20	0	61
22	18168037	18169843	1	1	1	22	0	59
22	18169940	18170752	1	1	1	24	5	54
22	18169940	18173149	1	1	0	1	0	44
22	18170921	18173149	1	1	1	7	31	63
22	18173282	18173792	1	1	1	11	15	50
22	18173843	18176771	1	1	1	19	14	51
22	18340317	18340839	1	1	1	0	1	34
22	18345254	18345334	1	1	1	0	2	26
22	18345449	18345752	1	1	1	0	4	26
22	18516648	18516951	2	2	1	0	2	26
22	18517066	18517146	2	2	1	0	2	26
22	18517260	18517361	2	2	1	0	2	6
22	18517490	18517721	2	2	1	0	6	41
22	18529094	18529440	1	1	1	3	13	56
22	18529498	18529605	1	1	1	1	35	60
22	18529666	18529935	1	1	0	0	2	50
22	18529725	18529935	1	1	1	6	2	52
22	18529857	18529935	1	1	1	1	0	31
22	18530009	18530155	1	1	1	6	0	10
22	18534051	18535244	2	2	0	0	1	23
22	18534054	18535244	2	2	1	177	154	63
22	18535323	18535786	2	2	0	1	0	30
22	18535329	18535786	2	2	0	5	5	60
22	18535329	18535858	2	2	1	307	27	63
22	18535449	18535858	2	2	0	1	1	58
22	18535449	18536649	2	2	0	0	1	47
22	18535949	18536552	2	2	0	1	0	46
22	18535949	18536639	2	2	0	7	1	59
22	18535949	18536649	2	2	1	82	44	61
22	18536809	18537291	2	2	0	3	0	58
22	18536809	18538432	2	2	0	1	0	45
22	18536872	18537291	2	2	0	0	2	54
22	18537413	18538432	2	2	1	35	1	60
22	18537413	18538639	2	2	0	1	0	38
22	18537775	18538086	2	2	0	1	0	29
22	18538559	18538639	2	2	1	17	95	63
22	18538745	18539227	2	2	1	5	195	63
22	18538919	18539227	2	2	0	0	1	55
22	18538922	18539227	2	2	0	0	1	39
22	18539338	18540401	2	2	1	21	43	59
22	18540473	18540572	2	2	1	79	2	62
22	18540646	18543666	2	2	1	88	1	62
22	18540740	18544651	2	2	0	1	0	37
22	18543738	18544651	2	2	1	90	3	63
22	18544782	18547245	2	2	1	81	21	63
22	18544782	18552472	2	2	0	2	1	32
22	18547374	18548010	2	2	1	14	214	63
22	18547422	18548010	2	2	1	0	7	54
22	18548119	18548317	2	2	1	16	102	62
22	18548470	18548669	2	2	1	3	410	63
22	18548828	18552472	2	2	1	3	19	59
22	18548857	18552472	2	2	0	0	2	46
22	18550951	18550980	2	2	0	6	3	61
22	18555668	18556980	2	2	0	1	2	38
22	18557211	18557721	2	2	0	0	1	45
22	18558114	18558662	2	2	0	0	1	40
22	18558765	18577155	2	2	0	0	1	14
22	18634713	18635091	1	1	0	0	1	31
22	18773969	18774272	2	2	1	0	3	26
22	18774387	18774467	2	2	1	0	2	26
22	18774810	18775041	2	2	1	0	1	6
22	18778867	18779389	2	2	1	0	1	34
22	18791227	18791772	2	2	1	1	0	20
22	18792055	18792261	2	2	1	2	0	38
22	18792331	18794412	2	2	0	1	0	51
22	18794792	18824927	2	2	1	1	0	6
22	18852640	18855620	2	2	0	0	3	62
22	18855784	18857310	2	2	0	0	1	47
22	18857490	18858381	1	1	1	3	0	53
22	18859185	18863787	1	1	0	0	3	59
22	18906485	18906564	1	1	1	1	46	62
22	18906726	18909979	1	1	1	3	0	45
22	18906726	18910171	1	1	1	0	36	57
22	18907087	18910171	1	1	1	10	0	62
22	18907087	18910178	1	1	1	1	0	3
22	18907087	18910887	1	1	0	1	0	27
22	18910273	18910887	1	1	1	1	32	62
22	18911029	18911539	1	1	1	0	104	62
22	18911029	18913834	1	1	0	0	1	58
22	18913363	18913437	2	2	1	3	35	53
22	18913527	18916889	2	2	1	13	16	60
22	18913751	18913786	1	1	0	0	1	60
22	18916617	18916889	2	2	0	1	0	26
22	18916989	18918315	2	2	1	9	76	62
22	18918492	18919450	2	4	1	0	145	63
22	18919598	18919705	2	2	1	0	180	62
22	18919632	18919705	2	2	1	2	0	59
22	18919799	18921341	2	2	1	0	164	63
22	18919799	18925050	2	2	0	0	1	27
22	18921424	18922324	2	2	1	0	111	61
22	18922405	18922816	2	2	1	1	86	62
22	18922928	18923114	2	2	0	0	2	60
22	18922928	18925050	2	2	0	0	1	61
22	18922934	18923114	2	2	1	0	127	61
22	18922934	18925050	2	2	1	6	0	55
22	18922959	18925050	2	2	0	0	2	57
22	18923180	18923752	2	2	0	0	1	43
22	18923180	18925050	2	2	1	0	120	62
22	18923802	18925050	2	2	0	0	1	42
22	18925201	18925687	2	2	1	1	124	37
22	18925723	18930652	2	2	0	0	1	35
22	18925723	18930989	2	2	1	0	94	36
22	18925723	18936014	2	2	1	1	0	22
22	18926300	18927581	2	2	0	0	3	46
22	18927978	18930989	2	2	0	0	1	40
22	18931199	18932165	2	2	0	0	1	33
22	18931199	18932644	2	2	0	0	2	23
22	18931199	18936014	2	2	1	0	18	56
22	18932449	18934511	2	4	0	0	1	55
22	18939750	18946790	1	1	1	1	0	52
22	18969946	18975890	1	1	0	2	0	59
22	18969946	18987756	1	1	0	4	0	56
22	18969946	18990719	1	1	0	1	0	58
22	18969946	19014352	1	1	0	1	0	25
22	18970659	18987756	1	1	1	43	0	62
22	18970659	18990719	1	1	0	3	0	60
22	18970659	19005835	1	1	0	1	0	62
22	18970659	19014352	1	1	0	10	0	61
22	18970882	18987756	1	1	0	1	0	38
22	18971120	18987756	1	1	0	3	0	59
22	18971120	18990719	1	1	0	1	0	57
22	18972274	18987756	1	1	0	1	0	16
22	18976110	18987756	1	1	0	6	0	55
22	18977024	18987756	1	1	0	2	0	43
22	18986020	18987756	1	1	1	1	0	5
22	18987901	18988090	1	1	1	53	0	62
22	18987901	18988097	1	1	0	6	0	53
22	18987901	18989416	1	1	0	2	0	49
22	18987901	18989579	1	1	0	4	0	48
22	18987901	18989742	1	1	0	1	0	60
22	18987901	18990719	1	1	1	22	0	57
22	18987901	19014352	1	1	0	12	0	53
22	18988196	18989416	1	1	1	33	0	49
22	18988196	18989739	1	1	0	3	0	58
22	18988196	18990719	1	1	0	9	0	57
22	18988196	19014352	1	1	0	1	0	32
22	18989466	18989579	1	1	1	21	0	49
22	18990063	18990127	0	0	0	30	0	58
22	18990646	18990821	2	2	0	1	0	20
22	18990925	18991816	1	1	1	77	0	63
22	18991960	19014352	1	1	0	1	0	45
22	18992018	18994373	1	1	1	21	0	60
22	18992018	18997589	1	1	0	1	0	45
22	18992018	19002866	1	1	0	1	0	47
22	18992018	19005835	1	1	0	2	0	55
22	18992018	19010525	1	1	0	4	0	43
22	18992018	19014352	1	1	1	43	0	61
22	18992099	18994373	1	1	0	1	0	46
22	18992099	19005835	1	1	0	1	0	50
22	18992099	19010525	1	1	0	2	0	27
22	18992099	19014352	1	1	0	1	0	58
22	18992842	19014352	1	1	0	1	0	15
22	18994494	19014352	1	1	0	4	0	61
22	18997303	19018622	2	2	0	2	0	47
22	19002926	19005832	1	1	1	3	0	60
22	19002926	19005835	1	1	0	2	0	49
22	19005943	19006361	1	1	0	2	0	45
22	19005943	19014352	1	1	1	10	0	55
22	19010620	19014352	1	1	0	2	0	51
22	19012710	19014352	1	1	0	1	0	43
22	19014507	19014597	1	1	1	3	0	3
22	19014507	19016214	1	1	0	3	0	51
22	19014507	19016545	1	1	0	4	0	61
22	19014507	19017296	1	1	0	63	0	63
22	19014507	19030632	1	1	0	12	0	62
22	19014507	19030781	1	1	1	90	4	63
22	19017419	19017440	1	5	0	1	0	44
22	19030252	19030781	1	1	0	1	0	21
22	19032643	19032812	2	2	0	1	0	14
22	19036520	19036780	1	1	0	1	0	35
22	19039122	19041057	2	2	1	108	0	63
22	19039122	19041806	2	2	0	2	0	43
22	19041295	19041806	2	2	1	74	0	62
22	19041960	19048439	2	2	1	195	0	63
22	19041960	19056985	2	2	0	1	0	44
22	19048644	19052480	2	2	0	2	0	37
22	19048644	19056985	2	2	1	287	0	63
22	19048644	19056994	2	2	0	1	0	55
22	19048644	19063201	2	2	0	2	0	40
22	19052606	19056985	2	2	0	2	0	61
22	19057083	19063201	2	2	0	1	0	59
22	19057163	19063201	2	2	1	339	0	63
22	19063279	19064847	2	2	1	214	0	62
22	19065059	19068099	2	2	1	2	0	13
22	19065068	19068099	1	5	1	27	0	61
22	19068226	19089367	2	2	1	42	0	60
22	19068226	19122127	2	2	1	1	0	58
22	19089491	19122127	2	2	1	12	0	47
22	19134476	19135059	2	2	1	16	0	52
22	19135176	19137322	2	2	1	39	0	63
22	19137433	19138214	2	2	1	86	2	60
22	19138318	19139158	2	2	1	21	2	58
22	19138480	19139158	2	2	1	1	0	10
22	19139293	19139611	2	2	1	91	0	62
22	19139724	19139854	2	2	0	1	0	55
22	19139730	19139854	2	2	1	125	0	63
22	19140025	19142537	2	2	1	40	0	63
22	19140028	19142537	2	2	0	1	0	48
22	19142634	19142725	2	2	1	83	0	63
22	19142895	19144056	2	2	1	3	0	32
22	19142895	19144123	2	2	1	1	0	54
22	19142895	19144505	2	2	1	50	0	57
22	19176245	19176420	2	2	1	189	0	62
22	19176495	19176577	2	2	1	168	0	63
22	19176694	19176845	2	2	1	147	0	63
22	19176951	19177119	2	2	1	107	0	62
22	19177205	19177726	2	2	1	46	0	62
22	19177866	19177941	2	2	1	9	0	63
22	19178042	19178132	2	2	1	4	0	16
22	19178241	19178386	2	2	1	1	0	23
22	19178241	19178579	2	2	1	2	0	47
22	19179970	19180198	2	2	1	26	0	44
22	19180239	19180730	2	2	1	23	0	40
22	19180807	19183389	2	2	1	16	0	63
22	19183612	19187557	2	2	1	6	0	55
22	19183612	19187980	2	2	1	12	0	57
22	19183612	19191303	2	2	1	1	0	30
22	19187729	19187980	2	2	1	4	0	61
22	19188092	19191303	2	2	1	12	0	63
22	19188226	19191303	2	2	0	2	0	60
22	19191436	19196265	2	2	1	35	0	61
22	19196416	19196488	2	2	1	19	0	62
22	19196657	19199733	2	2	1	15	0	53
22	19199842	19201328	2	2	1	12	0	59
22	19199842	19201390	2	2	1	1	0	46
22	19201494	19208153	2	2	1	17	0	57
22	19201494	19208921	2	2	1	1	0	7
22	19208312	19208921	2	2	1	22	0	56
22	19209115	19210325	2	2	1	12	0	60
22	19210510	19216110	2	2	1	20	0	62
22	19216257	19219884	2	2	1	11	0	55
22	19220008	19221376	2	2	1	11	0	61
22	19221612	19221950	2	2	1	20	0	59
22	19222094	19222683	2	2	1	19	0	60
22	19222810	19223890	2	2	1	21	0	61
22	19224055	19225452	2	2	1	6	0	59
22	19225634	19226218	2	2	1	4	0	35
22	19226384	19229837	2	2	1	16	0	52
22	19229976	19232475	2	2	1	18	0	63
22	19232599	19233165	2	2	1	7	0	60
22	19233319	19233421	2	2	1	14	0	57
22	19233623	19234508	2	2	1	10	0	59
22	19234707	19235695	2	2	1	15	0	55
22	19235870	19239274	2	2	1	8	0	50
22	19239389	19242774	2	2	1	12	0	61
22	19242937	19253958	2	2	1	7	0	55
22	19242937	19275622	2	2	0	1	0	58
22	19254228	19275622	2	2	1	16	0	59
22	19292331	19328397	1	1	0	7	0	54
22	19328574	19331553	1	1	0	4	0	51
22	19331557	19351357	2	2	1	91	0	62
22	19331557	19353355	2	2	0	6	0	61
22	19331683	19333701	1	1	0	4	0	42
22	19333744	19333995	1	1	0	1	0	35
22	19333744	19351043	1	1	0	2	0	42
22	19351257	19351357	2	2	0	2	0	55
22	19351447	19353355	2	2	1	85	0	63
22	19351447	19361236	2	2	0	1	0	21
22	19353520	19353995	2	2	1	54	0	60
22	19353520	19355759	2	2	0	2	0	36
22	19354119	19355759	2	2	1	189	0	62
22	19355866	19356229	2	2	1	201	0	60
22	19356289	19356889	2	2	1	167	0	60
22	19356289	19375630	2	2	1	1	0	10
22	19357052	19359335	2	2	1	132	0	63
22	19359485	19361236	2	2	1	152	0	61
22	19361342	19361726	2	2	1	192	0	62
22	19361932	19362030	2	2	0	1	0	28
22	19361932	19375630	2	2	1	149	0	62
22	19361932	19383619	2	2	0	1	0	58
22	19375793	19377868	2	2	1	166	3	62
22	19378067	19383619	2	2	1	154	0	63
22	19383706	19385520	2	2	1	152	0	63
22	19385737	19387710	2	2	1	124	0	62
22	19387817	19388483	2	2	1	119	0	62
22	19387967	19388483	2	2	0	3	0	44
22	19388555	19392100	2	2	1	138	0	57
22	19392215	19394341	2	2	1	137	0	62
22	19394510	19396786	2	2	1	159	0	63
22	19396948	19397991	2	2	1	144	1	63
22	19398088	19399079	2	2	0	2	0	53
22	19398088	19405462	2	2	0	12	0	55
22	19398088	19405785	2	2	1	133	0	62
22	19399193	19405462	2	2	0	2	0	25
22	19399193	19405785	2	2	0	1	0	30
22	19405532	19405785	2	2	0	16	0	56
22	19405881	19407183	2	2	1	89	0	61
22	19407275	19408273	2	2	0	26	0	59
22	19407275	19408482	2	2	1	117	1	62
22	19408408	19408482	2	2	0	1	0	57
22	19408589	19410715	2	2	0	3	0	41
22	19408594	19410715	2	2	1	108	3	63
22	19410779	19430090	2	2	1	0	3	3
22	19410779	19431439	2	2	1	56	0	57
22	19410779	19447377	2	2	1	2	3	31
22	19432608	19433264	1	1	1	132	0	62
22	19432806	19433264	1	1	0	4	0	45
22	19432860	19433264	1	1	1	4	0	46
22	19433349	19434735	1	1	1	282	2	62
22	19434895	19435626	1	1	0	4	0	54
22	19434895	19435637	1	1	1	388	0	62
22	19441695	19444011	2	2	0	2	0	56
22	19441695	19447377	2	2	1	15	1	45
22	19444391	19447377	2	2	1	5	2	29
22	19448326	19448441	1	1	1	2	0	23
22	19450745	19454748	2	2	1	202	0	63
22	19454831	19455679	2	2	1	236	0	62
22	19455769	19456586	2	2	1	222	0	49
22	19456635	19456852	2	2	1	280	0	50
22	19456919	19458070	2	2	1	307	0	63
22	19458140	19465201	2	2	1	308	0	63
22	19465275	19467872	2	2	1	333	0	61
22	19468004	19471686	2	2	1	194	0	62
22	19468004	19479082	2	2	1	1	0	27
22	19471809	19475067	2	2	1	238	0	36
22	19471809	19479082	2	2	1	2	0	39
22	19475101	19475469	2	2	1	215	0	34
22	19475101	19475495	2	2	1	14	0	34
22	19475101	19479082	2	2	0	1	0	33
22	19475603	19478824	2	2	1	1	0	52
22	19475603	19479082	2	2	1	142	0	62
22	19479572	19479825	1	1	1	1	0	61
22	19507518	19507765	1	1	1	4	0	51
22	19508692	19514748	1	1	1	1	0	35
22	19522999	19523108	2	4	0	3	0	35
22	19524543	19525154	2	2	1	2	0	21
22	19667200	19667445	1	1	1	1	0	50
22	19714632	19714780	1	1	1	235	2	11
22	19714792	19719601	1	1	1	352	10	61
22	19716590	19719601	1	1	0	1	0	53
22	19718572	19719601	1	1	1	1	0	29
22	19718819	19719601	1	1	1	312	0	62
22	19719213	19719601	1	1	0	2	0	21
22	19719699	19719805	1	1	1	2614	8	63
22	19719835	19719856	1	1	0	1	0	29
22	19719893	19720114	1	1	1	3662	3	63
22	19720239	19720319	1	1	1	3926	1	63
22	19720239	19720641	1	1	0	3	0	25
22	19720455	19720548	1	1	1	3998	1	63
22	19720455	19720641	1	1	1	55	0	25
22	19720465	19720559	1	1	0	1	0	20
22	19720624	19720781	0	0	0	3	0	55
22	19720667	19720767	1	1	1	4226	0	63
22	19720870	19721617	1	1	0	1	0	45
22	19720870	19721639	1	1	1	1919	0	63
22	19721045	19721639	1	1	0	3	0	25
22	19721737	19721821	1	1	1	340	0	63
22	19721737	19721826	1	1	0	2	0	25
22	19721737	19721832	1	1	1	10	0	57
22	19721958	19722236	1	1	1	766	0	63
22	19722340	19722427	1	1	1	862	0	63
22	19761281	19763240	1	1	1	2	0	50
22	19788961	19802000	2	2	1	5	0	47
22	19802217	19806658	2	2	1	4	0	56
22	19806758	19812284	2	2	1	2	0	39
22	19806758	19854442	2	2	0	1	0	43
22	19812448	19854442	2	2	1	1	0	45
22	19820724	19821227	2	2	1	1	0	17
22	19821376	19854442	2	2	1	5	0	47
22	19852438	19854442	2	2	0	1	0	20
22	19852487	19854442	2	2	1	6	0	58
22	19854540	19854819	2	2	1	1	0	9
22	19875808	19877108	2	2	1	3	0	49
22	19877213	19878089	2	2	1	5	1	58
22	19877235	19878089	2	2	1	111	1	62
22	19878188	19878365	2	2	1	103	1	62
22	19878438	19878775	2	2	0	2	0	55
22	19878438	19880178	2	2	1	86	0	63
22	19878438	19880621	2	2	0	1	0	25
22	19880272	19880621	2	2	1	36	0	62
22	19880718	19881080	2	2	1	2	0	15
22	19880718	19883324	2	2	1	28	0	59
22	19883462	19895406	2	2	1	34	0	62
22	19895201	19895406	2	2	1	2	0	56
22	19895582	19898038	2	2	1	40	0	62
22	19898131	19899048	2	2	1	82	0	25
22	19899069	19911376	2	2	1	78	0	20
22	19902182	19902695	2	2	0	1	0	22
22	19902792	19903282	2	2	0	1	0	21
22	19905734	19911376	2	2	0	1	0	27
22	19911448	19915213	2	2	1	136	0	63
22	19915277	19915764	2	2	1	157	0	61
22	19915844	19918142	2	2	1	132	0	63
22	19918218	19918859	2	2	1	87	0	60
22	19919005	19919542	2	2	1	8	0	58
22	19919600	19931029	2	2	1	4	0	57
22	19941898	19961198	1	1	1	70	2	51
22	19951053	19961198	1	1	1	0	2	3
22	19959376	19961198	1	1	0	1	0	13
22	19961290	19962526	1	1	1	74	0	63
22	19961875	19962335	1	1	0	1	0	34
22	19962816	19963565	1	1	1	160	0	59
22	19963760	19964095	1	1	0	1	0	28
22	19963760	19964109	1	1	1	1	0	7
22	19963760	19964167	1	1	1	365	0	63
22	19964300	19966625	1	1	0	2	0	39
22	19964300	19967163	1	1	1	1	0	49
22	19964300	19967543	1	1	0	3	0	54
22	19964300	19968535	1	1	1	402	0	62
22	19966719	19968535	1	1	0	1	0	41
22	19967210	19971885	2	2	0	1	0	31
22	19970744	19971215	2	2	1	6	0	58
22	19970744	19971885	2	2	1	9	0	60
22	19971336	19971885	2	2	1	8	0	41
22	19971972	19972357	2	2	1	21	0	54
22	19972412	19972736	2	2	1	23	0	54
22	19972828	19972924	2	2	1	21	0	63
22	19973037	19973118	2	2	1	3	0	28
22	19973318	19973642	2	2	1	11	0	51
22	19973794	19974111	2	2	1	19	0	61
22	19974240	19975685	2	2	1	55	0	62
22	19975758	19976705	2	2	1	35	0	20
22	19975758	19977414	2	2	1	16	0	63
22	19976724	19977414	2	2	1	33	0	31
22	19977587	19977957	2	2	1	9	0	61
22	19978076	19978896	2	2	1	7	0	55
22	19979081	19979742	2	2	1	15	0	62
22	19980243	19981210	2	2	1	9	0	59
22	19980370	19981210	2	2	0	1	0	47
22	19981738	19981932	2	2	1	18	0	59
22	19982092	19983672	2	2	1	1	0	37
22	19982092	19987072	2	2	1	3	0	33
